79 0.0384 -0.4422 0.0086 -0.3071
29 0.4291 0.5503 -0.7041 -0.2422
15 0.3677 -0.7157 0.3738 -0.1088
87 0.3156 -0.9967 -0.0625 -0.4801
61 -0.2499 -0.5926 0.6274 -0.2546
34 0.7724 -0.9774 -0.2597 0.2356
96 0.5304 0.7808 -0.1551 -0.5829
72 0.5061 -0.3356 0.6735 0.0406
92 0.9377 -0.8528 0.3892 -0.2878
26 0.0945 -0.8206 -0.4487 0.3672
88 -0.2150 0.3772 0.2842 -0.5515
42 -0.4694 0.2413 0.4021 0.4193
97 0.2982 0.0989 -0.5340 0.7450
35 0.5847 0.0471 -0.3343 0.6317
2 -0.7690 0.6563 0.4342 -0.4133
71 0.6861 0.4176 0.1049 0.6740
86 -0.5477 0.6208 0.0477 -0.7142
83 -0.5558 0.4811 -0.3668 0.2454
35 0.3576 -0.0791 -0.2352 0.2137
44 -0.1765 -0.9798 -0.2793 -0.1704
32 0.2102 0.8668 0.1956 -0.7167
50 -0.3180 0.3880 0.1745 -0.0711
71 0.2220 0.8411 0.6439 0.7114
18 0.4015 0.7742 0.4203 -0.5697
22 -0.3980 0.8185 0.0319 0.3178
34 0.8244 -0.8746 -0.1564 -0.3972
54 -0.3847 -0.0922 0.1866 0.2243
2 0.9844 -0.7815 0.3945 -0.3752
87 0.9775 -0.8079 0.0700 -0.1112
65 -0.8489 0.1775 -0.2042 0.6548
7 -0.3492 0.8401 0.3567 0.2653
22 -0.3750 0.4356 -0.4594 0.6121
40 -0.3022 0.9927 -0.5693 0.4594
65 0.3010 0.0211 -0.4473 -0.5725
75 0.5921 -0.3241 0.3260 0.4866
98 0.2109 0.7228 0.2504 -0.6395
86 0.9765 0.9790 -0.5140 0.4253
95 -0.3536 -0.2784 0.2770 0.6935
70 0.9206 0.1662 0.1340 0.4413
10 0.8151 0.6113 0.3076 -0.4984
14 -0.7273 -0.9057 -0.3699 -0.0084
34 0.2393 -0.0977 -0.3834 -0.3346
82 -0.7020 -0.8715 0.6540 -0.4340
17 -0.2613 0.2457 0.6426 0.0716
14 0.0384 -0.8041 -0.0217 0.4849
95 0.6768 0.3344 0.5305 0.6060
85 0.2917 0.2184 0.2897 0.7033
21 -0.0135 -0.9291 0.0478 0.1270
58 0.5721 0.6866 -0.1401 0.1120
88 0.5502 0.4238 -0.1531 -0.1345
0 
