100
1 0
1 0
1 0
1 0
1 0
1 0
1 0
1 0
1 0
1 0
1 0
1 0
1 0
1 0
1 0
1 0
1 0
1 0
1 0
1 0
1 0
1 0
1 0
1 0
1 0
1 0
1 0
1 0
1 0
1 0
1 0
1 0
1 0
1 0
1 0
1 0
1 0
1 0
1 0
1 0
1 0
1 0
1 0
1 0
1 0
1 0
1 0
1 0
1 0
1 0
1 0
1 0
1 0
1 0
1 0
1 0
1 0
1 0
1 0
1 0
1 0
1 0
1 0
1 0
1 0
1 0
1 0
1 0
1 0
1 0
1 0
1 0
1 0
1 0
1 0
1 0
1 0
1 0
1 0
1 0
1 0
1 0
1 0
1 0
1 0
1 0
1 0
1 0
1 0
1 0
1 0
1 0
1 0
1 0
1 0
1 0
1 0
1 0
1 0
1 0
51
1 0
1 0
1 0
1 0
1 0
1 0
1 0
1 0
1 0
1 0
1 0
1 0
1 0
1 0
1 0
1 0
1 0
1 0
1 0
1 0
1 0
1 0
1 0
1 0
1 0
1 0
1 0
1 0
1 0
1 0
1 0
1 0
1 0
1 0
1 0
1 0
1 0
1 0
1 0
1 0
1 0
1 0
1 0
1 0
1 0
1 0
1 0
1 0
1 0
1 0
1 0
100
3 2 2 1 2 0
4 3 3 0 3 1 3 2
5 4 1 0 1 4 1 2 1 3
6 5 3 1 3 4 3 5 3 2 3 0
7 6 2 6 2 5 2 4 2 1 2 0 2 3
8 7 3 2 3 4 3 6 3 7 3 0 3 5 3 1
9 8 0 8 0 5 0 6 0 7 0 3 0 1 0 2 0 4
10 9 0 8 0 4 0 3 0 9 0 5 0 1 0 7 0 6 0 2
11 10 0 3 0 2 0 7 0 6 0 1 0 4 0 5 0 8 0 9 0 10
12 11 2 4 2 6 2 3 2 8 2 5 2 0 2 9 2 1 2 7 2 11 2 10
13 12 4 6 4 11 4 9 4 8 4 5 4 0 4 2 4 3 4 10 4 12 4 1 4 7
14 13 2 3 2 10 2 12 2 9 2 7 2 5 2 6 2 4 2 8 2 13 2 0 2 11 2 1
15 14 1 0 1 14 1 7 1 13 1 12 1 10 1 11 1 3 1 2 1 4 1 9 1 8 1 5 1 6
16 15 0 10 0 8 0 1 0 13 0 4 0 3 0 15 0 7 0 12 0 14 0 11 0 5 0 9 0 6 0 2
17 16 6 14 6 9 6 12 6 11 6 1 6 7 6 3 6 16 6 10 6 13 6 5 6 4 6 2 6 0 6 15 6 8
18 17 17 16 17 3 17 1 17 6 17 14 17 10 17 0 17 15 17 4 17 5 17 11 17 9 17 2 17 13 17 7 17 8 17 12
19 18 13 10 13 8 13 2 13 0 13 15 13 9 13 11 13 7 13 6 13 17 13 14 13 5 13 3 13 12 13 18 13 4 13 1 13 16
20 19 2 14 2 18 2 15 2 9 2 10 2 16 2 12 2 5 2 1 2 17 2 6 2 3 2 19 2 11 2 8 2 0 2 7 2 4 2 13
21 20 1 3 1 14 1 8 1 13 1 12 1 10 1 4 1 18 1 2 1 16 1 20 1 5 1 9 1 0 1 7 1 11 1 19 1 6 1 15 1 17
22 21 8 9 8 19 8 18 8 17 8 6 8 20 8 5 8 3 8 7 8 11 8 0 8 4 8 2 8 1 8 21 8 15 8 13 8 14 8 10 8 16 8 12
23 22 8 5 8 2 8 9 8 16 8 20 8 19 8 14 8 7 8 3 8 0 8 1 8 21 8 15 8 13 8 10 8 17 8 22 8 12 8 18 8 6 8 4 8 11
24 23 16 20 16 19 16 3 16 12 16 17 16 14 16 23 16 1 16 4 16 8 16 7 16 10 16 2 16 22 16 0 16 15 16 9 16 18 16 21 16 6 16 11 16 13 16 5
25 24 11 9 11 22 11 8 11 10 11 5 11 13 11 2 11 21 11 1 11 19 11 20 11 6 11 4 11 7 11 16 11 23 11 0 11 17 11 18 11 15 11 12 11 24 11 14 11 3
26 25 25 16 25 15 25 21 25 7 25 17 25 24 25 20 25 2 25 3 25 14 25 22 25 10 25 9 25 11 25 0 25 5 25 18 25 1 25 19 25 4 25 23 25 12 25 8 25 13 25 6
27 26 2 18 2 9 2 20 2 24 2 8 2 4 2 26 2 11 2 5 2 6 2 17 2 1 2 13 2 15 2 16 2 25 2 10 2 19 2 14 2 12 2 22 2 23 2 3 2 0 2 7 2 21
28 27 1 7 1 15 1 23 1 18 1 8 1 10 1 26 1 5 1 27 1 11 1 20 1 9 1 4 1 17 1 22 1 25 1 2 1 3 1 16 1 14 1 24 1 21 1 13 1 12 1 6 1 19 1 0
29 28 26 4 26 13 26 19 26 28 26 11 26 14 26 2 26 20 26 6 26 5 26 1 26 23 26 21 26 27 26 17 26 8 26 10 26 22 26 0 26 7 26 16 26 9 26 15 26 25 26 18 26 24 26 3 26 12
30 29 22 26 22 10 22 9 22 15 22 3 22 17 22 23 22 13 22 29 22 18 22 7 22 19 22 5 22 1 22 14 22 0 22 11 22 25 22 4 22 28 22 12 22 2 22 20 22 16 22 27 22 24 22 21 22 8 22 6
31 30 22 27 22 28 22 11 22 5 22 1 22 15 22 3 22 8 22 6 22 18 22 30 22 26 22 13 22 12 22 20 22 24 22 19 22 23 22 4 22 7 22 25 22 16 22 21 22 14 22 17 22 10 22 2 22 0 22 9 22 29
32 31 10 6 10 23 10 19 10 1 10 15 10 30 10 24 10 16 10 11 10 13 10 0 10 4 10 21 10 5 10 8 10 29 10 12 10 7 10 2 10 28 10 27 10 9 10 31 10 18 10 17 10 25 10 22 10 26 10 3 10 14 10 20
33 32 1 14 1 20 1 25 1 32 1 5 1 10 1 8 1 29 1 19 1 0 1 23 1 28 1 4 1 17 1 15 1 12 1 26 1 7 1 24 1 11 1 22 1 27 1 9 1 21 1 30 1 2 1 13 1 16 1 6 1 31 1 3 1 18
34 33 31 11 31 7 31 13 31 25 31 16 31 1 31 26 31 17 31 23 31 21 31 15 31 8 31 30 31 12 31 10 31 20 31 6 31 4 31 2 31 5 31 18 31 29 31 0 31 14 31 22 31 28 31 9 31 24 31 27 31 3 31 19 31 33 31 32
35 34 22 16 22 15 22 18 22 33 22 8 22 21 22 25 22 27 22 17 22 1 22 10 22 28 22 29 22 24 22 20 22 4 22 19 22 9 22 7 22 3 22 34 22 32 22 2 22 6 22 30 22 0 22 23 22 11 22 31 22 14 22 5 22 26 22 13 22 12
36 35 26 15 26 7 26 25 26 22 26 17 26 18 26 6 26 19 26 8 26 20 26 28 26 16 26 13 26 30 26 33 26 31 26 24 26 11 26 12 26 27 26 2 26 21 26 32 26 0 26 5 26 34 26 35 26 14 26 10 26 9 26 1 26 3 26 29 26 23 26 4
37 36 25 28 25 23 25 29 25 26 25 15 25 8 25 7 25 32 25 27 25 11 25 13 25 17 25 4 25 31 25 34 25 5 25 2 25 10 25 21 25 12 25 6 25 18 25 33 25 1 25 24 25 0 25 9 25 22 25 35 25 30 25 3 25 14 25 19 25 36 25 16 25 20
38 37 37 20 37 3 37 25 37 27 37 35 37 18 37 2 37 7 37 26 37 15 37 14 37 22 37 29 37 36 37 13 37 21 37 8 37 32 37 19 37 16 37 1 37 33 37 10 37 23 37 28 37 4 37 5 37 30 37 6 37 12 37 34 37 24 37 9 37 11 37 0 37 17 37 31
39 38 35 24 35 16 35 38 35 22 35 27 35 15 35 6 35 14 35 37 35 28 35 9 35 34 35 23 35 12 35 13 35 29 35 8 35 20 35 33 35 17 35 32 35 0 35 3 35 5 35 26 35 21 35 10 35 30 35 19 35 7 35 36 35 2 35 1 35 11 35 4 35 31 35 18 35 25
40 39 37 9 37 2 37 13 37 36 37 35 37 33 37 30 37 11 37 8 37 23 37 28 37 31 37 16 37 25 37 32 37 26 37 29 37 17 37 39 37 4 37 6 37 0 37 12 37 24 37 1 37 10 37 5 37 27 37 21 37 3 37 7 37 20 37 19 37 38 37 15 37 14 37 22 37 34 37 18
41 40 31 35 31 4 31 9 31 22 31 15 31 24 31 14 31 1 31 32 31 2 31 13 31 26 31 39 31 28 31 25 31 27 31 21 31 10 31 19 31 8 31 23 31 29 31 36 31 12 31 16 31 5 31 40 31 34 31 0 31 17 31 37 31 6 31 30 31 11 31 38 31 33 31 7 31 3 31 20 31 18
42 41 6 9 6 0 6 10 6 21 6 18 6 11 6 19 6 8 6 30 6 25 6 22 6 20 6 34 6 24 6 31 6 3 6 27 6 1 6 15 6 39 6 33 6 35 6 4 6 32 6 40 6 5 6 37 6 16 6 17 6 14 6 2 6 36 6 26 6 13 6 28 6 7 6 41 6 29 6 23 6 38 6 12
43 42 37 12 37 23 37 21 37 38 37 8 37 34 37 39 37 41 37 7 37 17 37 18 37 6 37 28 37 27 37 5 37 33 37 32 37 3 37 11 37 29 37 24 37 1 37 13 37 25 37 2 37 36 37 26 37 22 37 42 37 35 37 19 37 15 37 20 37 31 37 0 37 4 37 40 37 14 37 10 37 16 37 9 37 30
44 43 7 31 7 39 7 43 7 8 7 16 7 2 7 21 7 6 7 41 7 35 7 38 7 1 7 10 7 34 7 17 7 12 7 5 7 3 7 18 7 25 7 4 7 26 7 14 7 33 7 30 7 28 7 24 7 37 7 29 7 36 7 15 7 27 7 11 7 42 7 0 7 40 7 23 7 13 7 32 7 9 7 20 7 19 7 22
45 44 14 9 14 30 14 31 14 2 14 26 14 6 14 29 14 4 14 8 14 33 14 18 14 35 14 36 14 25 14 44 14 42 14 32 14 28 14 3 14 21 14 23 14 20 14 41 14 17 14 39 14 0 14 10 14 40 14 16 14 38 14 7 14 37 14 27 14 13 14 15 14 12 14 34 14 22 14 5 14 11 14 19 14 1 14 24 14 43
46 45 23 1 23 33 23 0 23 6 23 43 23 37 23 11 23 31 23 3 23 28 23 41 23 20 23 16 23 15 23 45 23 35 23 5 23 18 23 29 23 36 23 9 23 14 23 7 23 40 23 21 23 13 23 10 23 44 23 39 23 38 23 2 23 8 23 25 23 19 23 17 23 12 23 34 23 24 23 4 23 30 23 42 23 26 23 32 23 27 23 22
47 46 21 10 21 1 21 17 21 27 21 41 21 45 21 20 21 40 21 32 21 7 21 11 21 34 21 26 21 38 21 23 21 28 21 46 21 42 21 22 21 14 21 31 21 30 21 18 21 9 21 39 21 33 21 5 21 24 21 37 21 6 21 29 21 13 21 44 21 3 21 35 21 8 21 2 21 19 21 12 21 43 21 16 21 0 21 36 21 15 21 25 21 4
48 47 37 40 37 46 37 24 37 23 37 29 37 42 37 38 37 39 37 35 37 27 37 34 37 22 37 5 37 1 37 7 37 28 37 16 37 14 37 41 37 19 37 9 37 12 37 0 37 47 37 6 37 43 37 8 37 33 37 26 37 30 37 13 37 18 37 3 37 32 37 45 37 25 37 20 37 4 37 44 37 21 37 31 37 15 37 11 37 17 37 36 37 2 37 10
49 48 23 39 23 32 23 13 23 35 23 41 23 3 23 43 23 26 23 14 23 7 23 33 23 0 23 38 23 36 23 27 23 11 23 12 23 44 23 47 23 28 23 4 23 6 23 25 23 37 23 1 23 22 23 34 23 20 23 15 23 42 23 2 23 30 23 45 23 46 23 24 23 5 23 31 23 48 23 17 23 10 23 21 23 18 23 29 23 9 23 16 23 19 23 40 23 8
50 49 36 1 36 23 36 8 36 15 36 0 36 13 36 45 36 31 36 17 36 27 36 37 36 32 36 30 36 14 36 33 36 4 36 28 36 26 36 21 36 12 36 25 36 6 36 38 36 35 36 29 36 9 36 16 36 47 36 49 36 46 36 43 36 41 36 20 36 7 36 2 36 48 36 34 36 18 36 39 36 44 36 5 36 11 36 42 36 3 36 22 36 24 36 10 36 40 36 19
51 50 31 47 31 15 31 13 31 33 31 0 31 30 31 50 31 17 31 49 31 10 31 41 31 40 31 43 31 36 31 23 31 29 31 46 31 6 31 28 31 21 31 2 31 19 31 3 31 26 31 8 31 9 31 12 31 22 31 42 31 27 31 32 31 11 31 16 31 20 31 44 31 4 31 35 31 45 31 24 31 37 31 39 31 48 31 5 31 14 31 18 31 34 31 25 31 7 31 38 31 1
52 51 43 12 43 23 43 4 43 11 43 42 43 26 43 40 43 34 43 3 43 38 43 35 43 9 43 48 43 51 43 5 43 16 43 19 43 50 43 8 43 36 43 27 43 32 43 14 43 44 43 20 43 28 43 7 43 1 43 0 43 49 43 15 43 29 43 45 43 39 43 21 43 6 43 41 43 37 43 2 43 25 43 17 43 47 43 24 43 31 43 30 43 13 43 46 43 18 43 22 43 10 43 33
53 52 36 42 36 10 36 38 36 5 36 15 36 35 36 52 36 34 36 1 36 22 36 37 36 17 36 23 36 49 36 30 36 7 36 27 36 12 36 4 36 6 36 9 36 28 36 43 36 2 36 0 36 40 36 18 36 24 36 50 36 48 36 21 36 13 36 20 36 29 36 33 36 14 36 47 36 11 36 45 36 16 36 3 36 31 36 25 36 46 36 39 36 32 36 51 36 44 36 19 36 41 36 26 36 8
54 53 46 33 46 22 46 12 46 19 46 4 46 9 46 26 46 27 46 30 46 35 46 1 46 36 46 38 46 5 46 15 46 48 46 43 46 34 46 29 46 45 46 41 46 6 46 49 46 3 46 16 46 18 46 32 46 52 46 53 46 37 46 2 46 14 46 42 46 24 46 11 46 44 46 0 46 20 46 50 46 28 46 10 46 25 46 7 46 23 46 8 46 47 46 39 46 13 46 17 46 31 46 51 46 40 46 21
55 54 9 33 9 24 9 8 9 53 9 40 9 37 9 30 9 39 9 47 9 25 9 22 9 19 9 46 9 17 9 43 9 32 9 13 9 42 9 52 9 29 9 2 9 3 9 1 9 31 9 12 9 48 9 26 9 18 9 15 9 0 9 44 9 51 9 45 9 50 9 4 9 16 9 11 9 54 9 49 9 7 9 36 9 23 9 21 9 14 9 34 9 41 9 35 9 28 9 10 9 5 9 20 9 27 9 38 9 6
56 55 7 5 7 25 7 3 7 55 7 52 7 28 7 9 7 39 7 23 7 4 7 49 7 24 7 13 7 47 7 41 7 22 7 27 7 8 7 40 7 46 7 43 7 15 7 6 7 44 7 20 7 18 7 17 7 12 7 31 7 26 7 34 7 2 7 53 7 16 7 10 7 30 7 0 7 11 7 36 7 32 7 38 7 21 7 48 7 33 7 29 7 51 7 54 7 50 7 42 7 37 7 1 7 14 7 35 7 45 7 19
57 56 43 23 43 36 43 50 43 7 43 29 43 56 43 54 43 38 43 27 43 47 43 49 43 2 43 31 43 51 43 34 43 45 43 13 43 42 43 19 43 4 43 10 43 16 43 41 43 14 43 53 43 0 43 37 43 52 43 9 43 1 43 26 43 21 43 44 43 15 43 48 43 5 43 17 43 25 43 46 43 6 43 55 43 22 43 35 43 11 43 12 43 40 43 39 43 32 43 18 43 3 43 8 43 28 43 24 43 33 43 20 43 30
58 57 11 2 11 49 11 13 11 32 11 24 11 50 11 14 11 42 11 12 11 40 11 38 11 3 11 54 11 22 11 55 11 20 11 25 11 51 11 57 11 35 11 21 11 53 11 46 11 28 11 27 11 26 11 6 11 45 11 0 11 41 11 15 11 4 11 7 11 16 11 36 11 19 11 48 11 1 11 37 11 43 11 18 11 23 11 56 11 5 11 47 11 10 11 39 11 30 11 52 11 33 11 34 11 31 11 17 11 44 11 29 11 8 11 9
59 58 25 42 25 23 25 43 25 2 25 17 25 32 25 45 25 51 25 10 25 15 25 18 25 7 25 9 25 49 25 4 25 22 25 36 25 40 25 26 25 52 25 8 25 19 25 11 25 31 25 27 25 20 25 38 25 28 25 53 25 13 25 48 25 50 25 44 25 24 25 1 25 37 25 12 25 41 25 35 25 0 25 14 25 30 25 34 25 46 25 33 25 21 25 54 25 47 25 58 25 56 25 6 25 39 25 5 25 3 25 57 25 55 25 29 25 16
60 59 49 32 49 37 49 43 49 33 49 34 49 44 49 13 49 41 49 35 49 38 49 45 49 46 49 8 49 58 49 18 49 56 49 19 49 12 49 7 49 50 49 20 49 14 49 57 49 9 49 3 49 11 49 17 49 28 49 51 49 30 49 25 49 39 49 0 49 36 49 16 49 6 49 24 49 4 49 10 49 15 49 23 49 55 49 52 49 40 49 2 49 29 49 53 49 54 49 21 49 27 49 31 49 59 49 42 49 26 49 5 49 22 49 47 49 48 49 1
61 60 0 10 0 34 0 23 0 48 0 21 0 58 0 19 0 18 0 26 0 41 0 54 0 37 0 30 0 56 0 5 0 31 0 51 0 2 0 44 0 7 0 50 0 49 0 15 0 35 0 3 0 25 0 60 0 45 0 42 0 11 0 57 0 59 0 22 0 39 0 8 0 33 0 40 0 13 0 16 0 47 0 24 0 6 0 38 0 17 0 20 0 28 0 9 0 55 0 46 0 43 0 1 0 53 0 12 0 27 0 32 0 4 0 36 0 29 0 14 0 52
62 61 56 1 56 30 56 51 56 52 56 15 56 9 56 19 56 57 56 46 56 33 56 17 56 3 56 43 56 23 56 45 56 61 56 7 56 11 56 0 56 2 56 16 56 48 56 35 56 24 56 8 56 28 56 41 56 10 56 59 56 21 56 6 56 44 56 22 56 36 56 53 56 55 56 34 56 20 56 50 56 40 56 37 56 12 56 27 56 60 56 18 56 29 56 32 56 47 56 42 56 31 56 13 56 54 56 38 56 26 56 58 56 14 56 49 56 4 56 39 56 25 56 5
63 62 7 42 7 40 7 3 7 6 7 22 7 43 7 10 7 34 7 60 7 56 7 37 7 59 7 55 7 20 7 2 7 14 7 47 7 26 7 24 7 21 7 17 7 53 7 9 7 31 7 19 7 23 7 49 7 58 7 62 7 57 7 15 7 38 7 16 7 36 7 45 7 13 7 48 7 4 7 35 7 18 7 28 7 39 7 27 7 44 7 61 7 41 7 46 7 1 7 11 7 12 7 8 7 30 7 32 7 5 7 0 7 33 7 25 7 50 7 52 7 51 7 54 7 29
64 63 48 37 48 36 48 41 48 14 48 42 48 57 48 26 48 38 48 7 48 10 48 54 48 19 48 52 48 12 48 23 48 47 48 3 48 55 48 44 48 16 48 50 48 15 48 46 48 31 48 17 48 0 48 49 48 34 48 8 48 45 48 2 48 30 48 61 48 53 48 25 48 11 48 1 48 39 48 60 48 4 48 40 48 18 48 6 48 13 48 24 48 63 48 58 48 29 48 33 48 21 48 9 48 43 48 56 48 5 48 59 48 51 48 28 48 32 48 27 48 20 48 22 48 35 48 62
65 64 11 61 11 16 11 52 11 53 11 55 11 35 11 51 11 21 11 45 11 44 11 63 11 27 11 57 11 46 11 8 11 12 11 9 11 32 11 2 11 64 11 6 11 41 11 4 11 34 11 25 11 54 11 0 11 20 11 7 11 36 11 33 11 62 11 47 11 43 11 38 11 29 11 48 11 19 11 60 11 40 11 37 11 14 11 1 11 18 11 26 11 50 11 28 11 49 11 15 11 31 11 30 11 56 11 23 11 24 11 59 11 58 11 42 11 3 11 22 11 5 11 39 11 17 11 13 11 10
66 65 8 60 8 54 8 62 8 17 8 64 8 37 8 49 8 65 8 36 8 21 8 58 8 26 8 23 8 51 8 11 8 7 8 12 8 15 8 47 8 10 8 32 8 2 8 38 8 53 8 46 8 4 8 39 8 30 8 35 8 3 8 13 8 20 8 19 8 28 8 25 8 16 8 1 8 33 8 31 8 24 8 57 8 63 8 41 8 50 8 40 8 27 8 18 8 29 8 22 8 48 8 59 8 52 8 9 8 56 8 42 8 5 8 44 8 34 8 61 8 43 8 14 8 55 8 45 8 6 8 0
67 66 10 37 10 51 10 13 10 64 10 55 10 61 10 47 10 4 10 11 10 57 10 56 10 39 10 43 10 14 10 40 10 19 10 48 10 7 10 2 10 35 10 30 10 33 10 62 10 21 10 59 10 28 10 5 10 18 10 31 10 0 10 45 10 26 10 63 10 12 10 8 10 23 10 54 10 65 10 41 10 58 10 60 10 46 10 22 10 17 10 1 10 34 10 52 10 42 10 38 10 3 10 25 10 15 10 29 10 27 10 32 10 44 10 53 10 20 10 16 10 24 10 9 10 36 10 50 10 6 10 49 10 66
68 67 9 54 9 59 9 26 9 56 9 8 9 48 9 11 9 38 9 32 9 1 9 3 9 31 9 58 9 34 9 57 9 0 9 35 9 44 9 67 9 10 9 63 9 27 9 13 9 24 9 7 9 64 9 60 9 30 9 19 9 65 9 15 9 46 9 25 9 45 9 40 9 17 9 41 9 5 9 4 9 14 9 43 9 28 9 33 9 23 9 42 9 50 9 36 9 39 9 20 9 47 9 66 9 2 9 18 9 21 9 62 9 51 9 22 9 61 9 52 9 29 9 55 9 37 9 12 9 49 9 53 9 16 9 6
69 68 26 19 26 5 26 58 26 67 26 17 26 41 26 63 26 34 26 39 26 9 26 46 26 0 26 14 26 51 26 38 26 47 26 20 26 57 26 56 26 10 26 44 26 23 26 60 26 25 26 3 26 42 26 21 26 37 26 33 26 66 26 1 26 52 26 16 26 13 26 35 26 30 26 7 26 8 26 59 26 36 26 29 26 61 26 15 26 54 26 64 26 11 26 65 26 68 26 18 26 43 26 49 26 32 26 27 26 31 26 4 26 50 26 24 26 62 26 2 26 55 26 22 26 45 26 28 26 53 26 6 26 48 26 40 26 12
70 69 65 62 65 12 65 27 65 43 65 4 65 44 65 36 65 18 65 14 65 47 65 3 65 32 65 56 65 58 65 31 65 15 65 69 65 0 65 50 65 68 65 42 65 61 65 28 65 30 65 8 65 11 65 63 65 22 65 49 65 52 65 17 65 37 65 67 65 26 65 23 65 33 65 19 65 41 65 48 65 59 65 39 65 46 65 25 65 34 65 54 65 66 65 6 65 5 65 57 65 24 65 20 65 7 65 40 65 29 65 45 65 60 65 2 65 10 65 51 65 38 65 53 65 55 65 1 65 16 65 21 65 35 65 9 65 64 65 13
71 70 41 49 41 38 41 13 41 20 41 5 41 12 41 67 41 26 41 48 41 22 41 68 41 57 41 11 41 45 41 23 41 27 41 46 41 4 41 21 41 24 41 44 41 34 41 35 41 51 41 37 41 50 41 14 41 15 41 43 41 65 41 31 41 17 41 56 41 36 41 61 41 6 41 3 41 8 41 1 41 28 41 10 41 30 41 16 41 29 41 2 41 33 41 47 41 53 41 52 41 60 41 39 41 54 41 62 41 64 41 18 41 59 41 7 41 63 41 69 41 40 41 19 41 32 41 55 41 9 41 66 41 70 41 42 41 25 41 58 41 0
72 71 29 33 29 57 29 27 29 35 29 17 29 28 29 53 29 42 29 5 29 26 29 47 29 16 29 46 29 36 29 40 29 21 29 52 29 3 29 70 29 11 29 59 29 38 29 31 29 60 29 19 29 50 29 10 29 6 29 0 29 7 29 14 29 30 29 1 29 13 29 8 29 45 29 18 29 25 29 22 29 20 29 4 29 48 29 66 29 64 29 39 29 69 29 12 29 67 29 41 29 54 29 56 29 71 29 62 29 65 29 15 29 49 29 34 29 63 29 24 29 61 29 32 29 51 29 44 29 43 29 9 29 55 29 23 29 68 29 2 29 37 29 58
73 72 58 4 58 60 58 54 58 1 58 55 58 68 58 56 58 71 58 33 58 59 58 9 58 19 58 67 58 37 58 18 58 24 58 46 58 15 58 34 58 22 58 69 58 26 58 40 58 10 58 38 58 23 58 5 58 52 58 29 58 30 58 2 58 49 58 16 58 72 58 41 58 13 58 0 58 61 58 25 58 70 58 50 58 45 58 31 58 48 58 39 58 53 58 47 58 20 58 21 58 32 58 36 58 27 58 65 58 42 58 28 58 63 58 66 58 3 58 7 58 43 58 14 58 62 58 51 58 12 58 57 58 44 58 6 58 35 58 8 58 17 58 64 58 11
74 73 71 69 71 40 71 48 71 18 71 4 71 60 71 36 71 13 71 59 71 20 71 38 71 33 71 9 71 31 71 6 71 11 71 5 71 41 71 27 71 52 71 16 71 22 71 30 71 54 71 15 71 50 71 61 71 70 71 7 71 62 71 45 71 28 71 56 71 68 71 53 71 58 71 0 71 2 71 51 71 46 71 1 71 67 71 24 71 66 71 72 71 49 71 42 71 10 71 21 71 23 71 63 71 57 71 19 71 55 71 17 71 3 71 34 71 26 71 25 71 43 71 65 71 8 71 64 71 47 71 35 71 44 71 37 71 12 71 73 71 32 71 29 71 14 71 39
75 74 70 57 70 41 70 73 70 34 70 3 70 68 70 42 70 21 70 59 70 52 70 15 70 9 70 6 70 25 70 19 70 55 70 49 70 5 70 31 70 65 70 56 70 62 70 67 70 27 70 45 70 71 70 22 70 40 70 14 70 26 70 12 70 43 70 64 70 39 70 54 70 69 70 60 70 74 70 47 70 51 70 0 70 7 70 8 70 10 70 63 70 37 70 20 70 61 70 17 70 13 70 50 70 36 70 23 70 29 70 24 70 53 70 48 70 38 70 4 70 46 70 11 70 2 70 28 70 35 70 1 70 72 70 18 70 58 70 66 70 44 70 32 70 30 70 16 70 33
76 75 11 13 11 14 11 10 11 54 11 4 11 71 11 8 11 72 11 2 11 55 11 60 11 12 11 3 11 34 11 64 11 32 11 17 11 31 11 5 11 16 11 43 11 33 11 0 11 37 11 25 11 27 11 22 11 52 11 58 11 46 11 36 11 44 11 21 11 63 11 35 11 66 11 20 11 38 11 7 11 61 11 51 11 75 11 48 11 15 11 30 11 67 11 29 11 28 11 18 11 74 11 24 11 70 11 6 11 49 11 39 11 68 11 23 11 62 11 19 11 26 11 57 11 47 11 56 11 42 11 69 11 40 11 50 11 1 11 41 11 53 11 59 11 65 11 9 11 45 11 73
77 76 30 18 30 1 30 61 30 50 30 21 30 73 30 76 30 41 30 54 30 11 30 3 30 59 30 27 30 34 30 2 30 67 30 5 30 63 30 45 30 44 30 9 30 39 30 32 30 38 30 22 30 64 30 17 30 25 30 51 30 66 30 72 30 23 30 8 30 53 30 48 30 26 30 29 30 74 30 47 30 71 30 7 30 36 30 20 30 4 30 65 30 37 30 14 30 35 30 68 30 43 30 16 30 6 30 40 30 15 30 69 30 56 30 28 30 24 30 33 30 57 30 75 30 0 30 12 30 46 30 13 30 60 30 70 30 19 30 58 30 49 30 55 30 42 30 31 30 10 30 62 30 52
78 77 15 63 15 75 15 52 15 77 15 26 15 1 15 19 15 33 15 14 15 58 15 42 15 57 15 18 15 5 15 74 15 65 15 9 15 28 15 30 15 46 15 73 15 8 15 66 15 48 15 11 15 7 15 34 15 60 15 10 15 37 15 40 15 71 15 56 15 20 15 50 15 17 15 6 15 54 15 64 15 13 15 59 15 31 15 41 15 53 15 69 15 67 15 16 15 51 15 21 15 32 15 2 15 55 15 29 15 36 15 23 15 68 15 72 15 44 15 12 15 27 15 62 15 39 15 43 15 4 15 61 15 35 15 45 15 25 15 70 15 47 15 0 15 76 15 38 15 49 15 3 15 24 15 22
79 78 74 0 74 25 74 12 74 36 74 26 74 1 74 66 74 43 74 5 74 17 74 37 74 29 74 6 74 51 74 67 74 34 74 14 74 72 74 68 74 21 74 57 74 53 74 52 74 23 74 41 74 16 74 49 74 3 74 30 74 35 74 75 74 33 74 56 74 27 74 58 74 32 74 71 74 63 74 59 74 18 74 9 74 78 74 4 74 48 74 77 74 28 74 65 74 73 74 2 74 47 74 13 74 10 74 50 74 22 74 19 74 55 74 44 74 69 74 62 74 64 74 20 74 76 74 11 74 38 74 7 74 40 74 46 74 61 74 8 74 39 74 24 74 45 74 60 74 54 74 70 74 15 74 31 74 42
80 79 18 7 18 14 18 43 18 24 18 33 18 22 18 79 18 42 18 8 18 0 18 10 18 19 18 36 18 61 18 53 18 1 18 46 18 9 18 11 18 12 18 69 18 13 18 68 18 49 18 31 18 3 18 54 18 70 18 37 18 4 18 50 18 59 18 56 18 21 18 17 18 62 18 6 18 72 18 15 18 76 18 2 18 16 18 27 18 55 18 77 18 63 18 58 18 73 18 34 18 74 18 66 18 32 18 52 18 60 18 23 18 47 18 71 18 39 18 78 18 64 18 30 18 29 18 38 18 75 18 5 18 28 18 26 18 51 18 40 18 44 18 20 18 25 18 48 18 41 18 45 18 35 18 67 18 57 18 65
81 80 10 41 10 64 10 76 10 11 10 71 10 13 10 47 10 23 10 43 10 63 10 62 10 42 10 14 10 27 10 12 10 37 10 58 10 67 10 80 10 46 10 39 10 69 10 66 10 34 10 2 10 4 10 6 10 35 10 51 10 15 10 9 10 70 10 49 10 18 10 0 10 28 10 8 10 53 10 78 10 32 10 36 10 74 10 50 10 77 10 33 10 17 10 79 10 38 10 20 10 68 10 24 10 40 10 59 10 25 10 19 10 30 10 16 10 45 10 52 10 7 10 72 10 75 10 65 10 44 10 57 10 21 10 73 10 61 10 54 10 48 10 5 10 22 10 1 10 31 10 60 10 26 10 56 10 29 10 3 10 55
82 81 40 79 40 18 40 53 40 64 40 69 40 76 40 74 40 7 40 73 40 13 40 5 40 42 40 10 40 8 40 38 40 59 40 78 40 23 40 43 40 9 40 6 40 54 40 57 40 0 40 31 40 51 40 48 40 2 40 60 40 72 40 15 40 22 40 39 40 21 40 70 40 24 40 27 40 67 40 66 40 49 40 75 40 3 40 65 40 35 40 37 40 36 40 80 40 1 40 71 40 56 40 55 40 11 40 58 40 62 40 47 40 30 40 20 40 4 40 77 40 12 40 19 40 32 40 33 40 81 40 45 40 63 40 52 40 61 40 16 40 26 40 41 40 46 40 50 40 28 40 34 40 68 40 44 40 29 40 25 40 17 40 14
83 82 66 68 66 36 66 63 66 39 66 35 66 40 66 44 66 16 66 45 66 43 66 55 66 77 66 9 66 79 66 12 66 3 66 51 66 62 66 59 66 2 66 69 66 65 66 61 66 53 66 56 66 72 66 34 66 27 66 64 66 76 66 80 66 60 66 33 66 71 66 38 66 41 66 0 66 78 66 75 66 23 66 1 66 29 66 49 66 13 66 50 66 67 66 11 66 74 66 31 66 32 66 26 66 73 66 42 66 22 66 58 66 4 66 47 66 52 66 24 66 57 66 54 66 7 66 18 66 46 66 30 66 5 66 81 66 82 66 20 66 17 66 21 66 10 66 8 66 25 66 14 66 6 66 48 66 19 66 37 66 28 66 70 66 15
84 83 34 37 34 55 34 41 34 21 34 40 34 19 34 52 34 10 34 3 34 68 34 60 34 59 34 61 34 9 34 36 34 16 34 47 34 78 34 79 34 12 34 38 34 69 34 66 34 58 34 63 34 45 34 77 34 82 34 27 34 31 34 17 34 24 34 25 34 7 34 26 34 44 34 15 34 56 34 65 34 4 34 43 34 42 34 74 34 73 34 51 34 71 34 53 34 35 34 80 34 57 34 30 34 22 34 70 34 50 34 8 34 75 34 49 34 48 34 28 34 39 34 14 34 11 34 33 34 32 34 20 34 23 34 67 34 83 34 29 34 18 34 5 34 81 34 2 34 54 34 46 34 6 34 0 34 13 34 76 34 64 34 72 34 1 34 62
85 84 32 47 32 39 32 20 32 72 32 60 32 84 32 62 32 5 32 71 32 82 32 65 32 14 32 41 32 52 32 19 32 1 32 34 32 44 32 2 32 7 32 83 32 57 32 18 32 49 32 50 32 26 32 53 32 69 32 3 32 55 32 17 32 28 32 10 32 46 32 16 32 25 32 76 32 12 32 56 32 35 32 33 32 77 32 30 32 8 32 81 32 51 32 6 32 9 32 61 32 80 32 48 32 70 32 38 32 37 32 66 32 45 32 27 32 11 32 43 32 68 32 31 32 15 32 64 32 22 32 75 32 78 32 40 32 0 32 36 32 59 32 23 32 74 32 79 32 24 32 73 32 54 32 4 32 29 32 13 32 42 32 21 32 67 32 58 32 63
86 85 65 23 65 69 65 37 65 6 65 76 65 0 65 60 65 67 65 53 65 78 65 56 65 48 65 29 65 63 65 52 65 77 65 62 65 27 65 20 65 26 65 3 65 49 65 40 65 43 65 28 65 31 65 45 65 57 65 79 65 47 65 13 65 33 65 58 65 51 65 42 65 34 65 71 65 11 65 21 65 10 65 36 65 81 65 55 65 84 65 41 65 39 65 24 65 2 65 1 65 83 65 9 65 30 65 66 65 54 65 15 65 8 65 64 65 25 65 59 65 4 65 19 65 82 65 35 65 46 65 74 65 73 65 18 65 38 65 80 65 75 65 44 65 14 65 5 65 50 65 17 65 70 65 68 65 7 65 72 65 61 65 22 65 16 65 12 65 32 65 85
87 86 24 15 24 80 24 10 24 57 24 72 24 76 24 50 24 9 24 44 24 74 24 36 24 8 24 63 24 58 24 19 24 49 24 25 24 7 24 79 24 27 24 2 24 33 24 20 24 48 24 83 24 64 24 17 24 56 24 40 24 70 24 28 24 67 24 66 24 29 24 77 24 55 24 31 24 39 24 3 24 1 24 30 24 53 24 32 24 42 24 12 24 46 24 5 24 54 24 60 24 45 24 85 24 35 24 68 24 18 24 4 24 23 24 13 24 65 24 22 24 81 24 11 24 61 24 0 24 47 24 51 24 78 24 38 24 6 24 84 24 21 24 86 24 14 24 26 24 37 24 71 24 73 24 34 24 43 24 82 24 41 24 59 24 52 24 62 24 75 24 69 24 16
88 87 61 0 61 87 61 54 61 73 61 17 61 33 61 15 61 81 61 36 61 65 61 55 61 14 61 57 61 44 61 63 61 43 61 46 61 84 61 30 61 75 61 41 61 76 61 85 61 29 61 78 61 3 61 23 61 79 61 49 61 66 61 38 61 67 61 47 61 28 61 8 61 71 61 10 61 4 61 21 61 5 61 64 61 62 61 27 61 51 61 50 61 16 61 11 61 13 61 53 61 7 61 58 61 31 61 19 61 60 61 32 61 34 61 70 61 72 61 37 61 77 61 40 61 1 61 74 61 12 61 9 61 83 61 22 61 2 61 68 61 52 61 56 61 39 61 86 61 69 61 18 61 20 61 6 61 26 61 24 61 35 61 59 61 82 61 45 61 42 61 80 61 48 61 25
89 88 80 32 80 13 80 38 80 27 80 22 80 82 80 61 80 15 80 10 80 16 80 57 80 40 80 41 80 66 80 88 80 35 80 53 80 25 80 63 80 81 80 17 80 9 80 6 80 31 80 56 80 0 80 43 80 7 80 36 80 86 80 67 80 48 80 11 80 37 80 64 80 54 80 14 80 45 80 30 80 58 80 21 80 68 80 26 80 62 80 79 80 29 80 55 80 60 80 34 80 5 80 65 80 72 80 1 80 85 80 39 80 74 80 69 80 8 80 23 80 87 80 33 80 28 80 84 80 71 80 73 80 19 80 70 80 76 80 50 80 24 80 2 80 46 80 12 80 49 80 18 80 59 80 4 80 20 80 83 80 51 80 47 80 3 80 52 80 75 80 78 80 44 80 42 80 77
90 89 85 16 85 27 85 25 85 10 85 4 85 43 85 39 85 59 85 29 85 22 85 74 85 89 85 33 85 83 85 3 85 45 85 19 85 6 85 30 85 77 85 81 85 71 85 87 85 20 85 13 85 37 85 79 85 56 85 24 85 40 85 70 85 34 85 80 85 15 85 36 85 53 85 76 85 62 85 58 85 7 85 9 85 49 85 84 85 21 85 28 85 57 85 54 85 50 85 5 85 46 85 8 85 64 85 68 85 61 85 23 85 86 85 0 85 12 85 31 85 51 85 35 85 17 85 67 85 52 85 82 85 26 85 2 85 66 85 14 85 44 85 75 85 41 85 63 85 48 85 88 85 42 85 73 85 72 85 11 85 69 85 32 85 55 85 60 85 65 85 47 85 18 85 38 85 78 85 1
91 90 23 9 23 36 23 51 23 54 23 67 23 87 23 80 23 69 23 82 23 48 23 22 23 62 23 19 23 50 23 21 23 46 23 40 23 64 23 25 23 35 23 85 23 7 23 37 23 47 23 18 23 12 23 71 23 76 23 28 23 63 23 33 23 75 23 49 23 4 23 61 23 84 23 24 23 8 23 78 23 57 23 29 23 34 23 17 23 2 23 6 23 52 23 20 23 38 23 13 23 77 23 56 23 26 23 65 23 90 23 55 23 11 23 41 23 27 23 1 23 72 23 74 23 42 23 68 23 45 23 81 23 60 23 3 23 59 23 15 23 83 23 31 23 89 23 70 23 10 23 79 23 88 23 53 23 0 23 14 23 58 23 16 23 44 23 43 23 39 23 32 23 73 23 66 23 86 23 30 23 5
92 91 14 2 14 79 14 30 14 33 14 24 14 44 14 73 14 84 14 38 14 77 14 4 14 65 14 1 14 22 14 9 14 12 14 76 14 61 14 50 14 48 14 37 14 67 14 88 14 64 14 55 14 57 14 46 14 43 14 85 14 35 14 36 14 13 14 69 14 89 14 56 14 20 14 39 14 26 14 40 14 90 14 5 14 29 14 83 14 0 14 62 14 32 14 68 14 34 14 10 14 16 14 58 14 91 14 18 14 72 14 23 14 63 14 78 14 51 14 49 14 21 14 6 14 42 14 87 14 75 14 28 14 31 14 19 14 8 14 45 14 25 14 74 14 52 14 66 14 17 14 7 14 59 14 53 14 82 14 81 14 86 14 60 14 54 14 41 14 80 14 27 14 47 14 11 14 15 14 3 14 70 14 71
93 92 80 23 80 81 80 57 80 46 80 91 80 21 80 86 80 75 80 45 80 51 80 62 80 31 80 69 80 35 80 37 80 33 80 0 80 5 80 34 80 17 80 85 80 63 80 78 80 11 80 3 80 47 80 58 80 20 80 6 80 7 80 42 80 74 80 76 80 54 80 2 80 26 80 38 80 61 80 84 80 66 80 12 80 52 80 71 80 70 80 68 80 82 80 60 80 72 80 50 80 48 80 90 80 67 80 14 80 30 80 65 80 55 80 88 80 16 80 32 80 41 80 19 80 36 80 10 80 40 80 27 80 53 80 29 80 59 80 25 80 64 80 77 80 24 80 8 80 79 80 22 80 44 80 39 80 49 80 15 80 89 80 92 80 4 80 1 80 18 80 13 80 9 80 87 80 56 80 83 80 73 80 43 80 28
94 93 31 69 31 83 31 41 31 85 31 19 31 53 31 11 31 86 31 9 31 18 31 4 31 78 31 38 31 91 31 17 31 45 31 75 31 73 31 7 31 64 31 89 31 10 31 92 31 72 31 82 31 33 31 68 31 28 31 57 31 56 31 44 31 46 31 21 31 2 31 90 31 80 31 58 31 70 31 51 31 26 31 59 31 35 31 55 31 16 31 32 31 24 31 60 31 52 31 6 31 66 31 81 31 15 31 71 31 77 31 3 31 5 31 42 31 12 31 76 31 48 31 61 31 8 31 1 31 20 31 47 31 43 31 25 31 54 31 65 31 0 31 74 31 93 31 49 31 50 31 23 31 34 31 63 31 37 31 88 31 22 31 29 31 39 31 67 31 13 31 62 31 14 31 40 31 87 31 79 31 30 31 84 31 36 31 27
95 94 88 86 88 12 88 63 88 70 88 83 88 8 88 60 88 9 88 4 88 6 88 7 88 80 88 78 88 27 88 94 88 74 88 55 88 89 88 62 88 72 88 93 88 68 88 49 88 18 88 48 88 15 88 51 88 1 88 23 88 54 88 92 88 42 88 81 88 37 88 71 88 69 88 43 88 31 88 87 88 58 88 40 88 82 88 50 88 73 88 76 88 25 88 66 88 22 88 32 88 29 88 52 88 14 88 30 88 79 88 2 88 41 88 75 88 91 88 67 88 46 88 0 88 36 88 33 88 13 88 65 88 26 88 84 88 17 88 44 88 34 88 57 88 59 88 24 88 10 88 28 88 90 88 56 88 47 88 53 88 19 88 21 88 35 88 3 88 64 88 20 88 16 88 61 88 38 88 45 88 77 88 85 88 5 88 11 88 39
96 95 11 3 11 14 11 6 11 5 11 39 11 68 11 24 11 40 11 4 11 7 11 78 11 9 11 95 11 22 11 56 11 43 11 92 11 49 11 67 11 74 11 42 11 94 11 27 11 2 11 1 11 80 11 23 11 87 11 41 11 48 11 64 11 83 11 81 11 60 11 93 11 89 11 77 11 59 11 66 11 29 11 58 11 8 11 32 11 0 11 19 11 76 11 35 11 45 11 75 11 86 11 15 11 26 11 28 11 52 11 85 11 17 11 54 11 10 11 72 11 53 11 31 11 36 11 18 11 65 11 69 11 57 11 73 11 12 11 25 11 47 11 38 11 20 11 21 11 62 11 82 11 33 11 30 11 51 11 70 11 34 11 55 11 90 11 61 11 16 11 91 11 71 11 46 11 37 11 88 11 50 11 44 11 84 11 13 11 79 11 63
97 96 33 45 33 25 33 4 33 22 33 76 33 79 33 67 33 71 33 84 33 23 33 19 33 63 33 55 33 65 33 15 33 56 33 36 33 29 33 42 33 85 33 32 33 48 33 66 33 80 33 0 33 86 33 44 33 38 33 83 33 10 33 53 33 35 33 26 33 68 33 90 33 58 33 96 33 88 33 81 33 27 33 20 33 57 33 3 33 21 33 89 33 39 33 5 33 30 33 47 33 61 33 52 33 46 33 70 33 28 33 12 33 37 33 92 33 60 33 18 33 13 33 16 33 2 33 34 33 11 33 73 33 93 33 75 33 40 33 1 33 24 33 59 33 43 33 78 33 95 33 7 33 91 33 9 33 72 33 69 33 31 33 54 33 82 33 49 33 87 33 50 33 94 33 77 33 6 33 74 33 8 33 64 33 51 33 14 33 17 33 62 33 41
98 97 58 3 58 11 58 52 58 19 58 5 58 40 58 13 58 75 58 85 58 79 58 77 58 48 58 44 58 65 58 49 58 9 58 64 58 83 58 36 58 78 58 30 58 68 58 63 58 55 58 27 58 12 58 66 58 67 58 97 58 94 58 14 58 39 58 90 58 70 58 59 58 69 58 88 58 42 58 10 58 53 58 74 58 47 58 8 58 37 58 20 58 45 58 86 58 54 58 76 58 4 58 96 58 6 58 57 58 92 58 84 58 23 58 82 58 1 58 93 58 91 58 29 58 15 58 34 58 35 58 7 58 25 58 26 58 72 58 56 58 28 58 17 58 61 58 21 58 87 58 80 58 43 58 60 58 24 58 32 58 89 58 16 58 95 58 18 58 38 58 33 58 51 58 0 58 73 58 62 58 46 58 2 58 31 58 41 58 81 58 22 58 50 58 71
99 98 10 2 10 79 10 40 10 88 10 89 10 30 10 14 10 33 10 75 10 53 10 4 10 87 10 21 10 32 10 85 10 56 10 83 10 52 10 26 10 62 10 28 10 80 10 17 10 36 10 15 10 91 10 16 10 51 10 9 10 74 10 82 10 7 10 42 10 47 10 67 10 98 10 63 10 69 10 34 10 23 10 6 10 68 10 29 10 19 10 44 10 55 10 25 10 95 10 94 10 90 10 45 10 24 10 78 10 96 10 48 10 5 10 38 10 76 10 54 10 73 10 18 10 71 10 22 10 93 10 12 10 1 10 72 10 46 10 64 10 37 10 11 10 61 10 65 10 8 10 50 10 86 10 39 10 66 10 35 10 3 10 92 10 57 10 59 10 84 10 49 10 60 10 43 10 77 10 58 10 41 10 0 10 70 10 81 10 27 10 31 10 97 10 20 10 13
100 99 99 8 99 16 99 43 99 58 99 13 99 64 99 80 99 97 99 91 99 93 99 49 99 57 99 59 99 51 99 0 99 50 99 4 99 82 99 12 99 85 99 56 99 65 99 46 99 92 99 55 99 89 99 44 99 9 99 39 99 79 99 7 99 22 99 53 99 30 99 84 99 38 99 68 99 23 99 19 99 14 99 78 99 87 99 28 99 63 99 10 99 83 99 40 99 15 99 62 99 36 99 67 99 31 99 17 99 81 99 96 99 47 99 2 99 42 99 90 99 73 99 45 99 61 99 18 99 60 99 25 99 88 99 98 99 94 99 27 99 54 99 69 99 37 99 48 99 6 99 20 99 33 99 70 99 66 99 75 99 86 99 71 99 5 99 3 99 95 99 1 99 72 99 24 99 41 99 52 99 29 99 77 99 35 99 76 99 21 99 32 99 74 99 34 99 26 99 11
101 100 3 40 3 51 3 34 3 11 3 38 3 20 3 37 3 99 3 61 3 1 3 39 3 78 3 57 3 13 3 56 3 70 3 74 3 64 3 83 3 30 3 79 3 89 3 6 3 22 3 23 3 66 3 90 3 25 3 9 3 69 3 80 3 63 3 73 3 48 3 82 3 49 3 96 3 10 3 2 3 45 3 72 3 28 3 75 3 95 3 33 3 84 3 14 3 47 3 54 3 52 3 59 3 46 3 32 3 8 3 62 3 88 3 60 3 5 3 65 3 86 3 16 3 19 3 93 3 41 3 97 3 85 3 67 3 68 3 77 3 53 3 15 3 58 3 42 3 27 3 35 3 21 3 71 3 81 3 24 3 92 3 100 3 44 3 87 3 12 3 76 3 4 3 26 3 29 3 43 3 0 3 36 3 7 3 18 3 55 3 98 3 91 3 17 3 31 3 94 3 50
102 101 23 57 23 98 23 96 23 14 23 4 23 63 23 74 23 35 23 43 23 73 23 76 23 82 23 11 23 49 23 36 23 18 23 77 23 12 23 15 23 33 23 37 23 45 23 44 23 79 23 17 23 93 23 53 23 70 23 65 23 34 23 41 23 54 23 59 23 38 23 25 23 26 23 87 23 47 23 40 23 80 23 1 23 90 23 3 23 56 23 48 23 83 23 62 23 22 23 16 23 51 23 61 23 42 23 67 23 101 23 24 23 55 23 20 23 85 23 28 23 81 23 58 23 0 23 72 23 71 23 92 23 5 23 100 23 30 23 91 23 29 23 89 23 95 23 78 23 66 23 88 23 13 23 97 23 21 23 39 23 64 23 84 23 10 23 94 23 2 23 27 23 75 23 31 23 60 23 19 23 9 23 7 23 86 23 68 23 6 23 69 23 32 23 46 23 52 23 8 23 50 23 99
0